„-312.„..

1111116116 6616111 161661616611661661616161- 1166116 116 dem 66666166 66161161666. 866
6166111661 1161 16116166 161 gerichte. 16616116 6166611161 6611611616116111666616

o Whe den 616166 penning (lem 116666 16111 16 161616616116111166666, 6161666616 16161-
161116 616166 111666. When he oneret 161 111666 166 6611116. 8616111611661161161116161
thom 66616166 1161161666 61611 66 1616611, 66 morgen, 11166661616 1161161661.
611111 1611 61611. Tho deme 6666616666116116 16116661661116· 11

7 Wen ein 6661 61666 161661 6116 666116166- 661 16 66616 6666666611, 161 66111 jn 166 66-
116116 1611116666 611, 1611616616661161666111 1161166 boiek 6666116666161111111161 66616
166 1661 1116661 6166 16116, 16 11 16 1116661 666111. Szo 6166116 11666161661611111611
61161116116 16116116 116616 616 11111661666 syn 1616666 66161166.

1111111116666616111661166. - (reith me 616616 berger tho der when, 1166 18

6 Wen ein 1616616116 6661 6166 1611161 161166 16 6166 who rpsteith 16111 6161666116 11166-
11666 666166166666 16111, 6166 1611 11616111 11166611 11, 161 6166 jm hune 66 1616 66166
(16 11666 6166 161 syn gudth. 61611 ouerkhomenn kan 6161161116 6616111 be·

9 Β61 66666166 66116116166661611111611666- 161611 16161616661116 6616111166 16161, 1611
1616 1611 661116 16 anser-doringa 166 11166616. 166 166 1116661 6111666166 61611 16116166 ken,

16 Werdth deth 66111 166616166 116616 66161111, 16 11616111 mon 1661661666166 eyn 6166, 616
161611116166116116161116161666. 16111611 1616111 616616 6166 166616611, 161 1111 1611
66111 166616166 161166 1166, 16111 1611 ge· 1611616616116,1611611666116111166661116
116116 1616 161 morgen. Vordeinth lohn geliok 16666161611161166 6611116. 16616111611 nl-
1161. (16116611611 616 661161( 66161111. 66116116 66666 66611666. ⁰¹¹¹V¹¹³⁸

11 Wen 16 1166111666 vmme 66161111 vmme 166, Wen de 61666 66611666 vmme eyn, 16 1166161 16
61661166161161166616611611161161166116116 16 1116661 661161 1161 1611 66116116 161 1611
161 16111661 66116116 durch 166116666 anseg· 1616116611666666116666,1611 166 6116661116
666, 16 166 1666 syn 116616, 161 1611 fragon, eigen synen 6666166616 dem 6166, 161161116-
111616666 16 1611 661116661 161166 6616116. 6611611161116161166 jn 166 6611611616161, 1161·-
86611611 16 16611116 161 morgen, 161111116 161616, 1611161161616 wath 1661, 161 161116-
1661 66666166 66116116. 6611661116 66666 66661666.

16 1161111616616661616661611111611661116166- Wen 661666 66661616 16 16 66161161661 166 20
116116, 66 61111 1666 61666 1166111661, 161116 by klegers‚ 66111616 1661 166166616616116116166
6616666161 666666. 161 1611 1611161616 66116116, 161 16 1616116111

16 Wenn 161666 6116 1161· 66116116 6666161611, 1661 1116661 166 116611 jn 16 166111 161 666111
161611 16 1116661 1661 1661666166 116 dem ne· 1616666 1611 6166 1611161666, 161661166, 161· „L
666166 1161161666 16 11161 1166666666. 666166 66 11111 616 11611 6666 661611111616161.611111111,61

14 Wen de 66116 1661 1661666166 11611 thoge- 86616111166116111666166616 61161166166166, 21
66611, 66 1611 16 1116661 16 1161 66116116 111. 161116616116616666661161166 661611161 161
1616666, 161 16 1661 61661 61166 66666 pen· 61611 6661111 61161166166, by lx 1616 (16161
6166 616 166 1611666166 6616, 161 16 61666· 166 1661111611161) 611 66 6616616666 61111
11616 1161111 6166 1611166161116611, 1161161616 166 66166611666161 16166116116 willer.

61161 11611161, 161 16 1116661 16611 16 666666 117666166161116161116661166161666666616 26
66661666, 1611 16 16 6661666111166. 1611, 161 1611666116661111661661666166116·

15 Wen 661666 6116 666616161116 661611616666 161616 116 16666616, 16161611 16 1116661 opine
166 11166616, 66 66111 16 1661 61111 dem kleger 11611 1161 1661 66116116 1161666, 161 1611 jdt

161661661666116616166666616166611116166 16161166161116166161616 66111 1661, 16116
11616 66616 111 616 neck 16 66161111 1616161. 1166666111111666116666666.

16 De 66616 1611116 1661 jn 66166166 166111 Werdth einer 16 16161616 6616611, syn 6616666 23

 

