472

LXVII Von hoeckwereke

199 Are 101 jede frembde keuffleute die 011110 1000110101 101111000101100 01010110 010100 101 011010 100010 011

zum 10010110 0110000, 001100 demit 10 jeder wochen· 01011 0010, 01100110000 101 juvenem 101 1110001101101000
mehr 1000 100 1100011100 101 Ηο000 101 100 11011000 10 11000100 1011100100, bey 011010 01001 merck.

'LXVIII Von den 0010111100.

200 Die 00110111101 00 00110 011110 00 10010110 0110000 101 00110,11000001001001 00101110 wieder 000011110111110,
10001001 101010 10000, 001100 00 eud dem 00101110 0101 01000000 101 0010001000, bey 011010 0100 011100 eo
001 den 01100000 01110101100100,1010100001100100101 011 100 00001000.

1 LXIX Von 0100101 01000 00 1011100100 01010010100000.

201 Wer 010 0100 01010100 10110011, 101 001 00 00101100, 10110001 01011 310 pflicht mit 00000101, 10110011 0101
bey 1119119110Πο 1010111, 101 001 00101 0100 10110100 101100001010000 100
202 Wer ohne 1000110010110110000 101 1111100 0010 erbe, fallen, 101 101 1011001101 001 10100 1011001011101100,

LXX Von dem der 0100 001010 00001010 0101 0011000 keufft 101 00 0101 0110001.

200 1100010 011001 01010110000000001100 100 001010 en· 1100110010010010000 101 110 011101000000 1011001110
gefelle 01010011000 dee 1010010100 10 001000 1010000100 0010 1110000 10110100111 0101111001οο 101 00 01011110·
00101100 0101 deren er die 0000001010011010100001 000, bey 0110110 0100110010000

LXXI Von dem der 10100011000 11001100 wil.

101 1700010 0110010 0101 0110000001 001100 0100 10001 100 010100100000 daun 0110100 000100 0011 10001 01011·
10110 111100 01100010 0010101101 10100011000100110 1001100 00101010, bey 011010 00100 merck.

LXXII Von dem der eine gibt 100 0010010100οο 1011100001εο 0110100.

205 Ψο1010110010101011001100001000100 0010001 10000 vollen, die 001100 10111 110 dem 10110100 100 1101111·
0101 001010 0010001 00 1010101110 0010000 011010 je· 11010 001000 101 10011011 101000 gegeben werde, 011
010010001οη deun 100010 0110010, 0110000000, 0101100 0010, bey 00100 00101000100110000 0011001100.

, die 010 100 10100100000 101 1010001101100, 1011001100

LXXIII Von 1011000000 eine 01100 0101 001100 en einem erbe

²⁰⁶ Es 001 01000011 0110 00100000 0001 1101101100 00111 meg er durch 001000 10100011000 dee erbe 0101 zib!
deren 1000 0110100 101 10010010110 101 101 100010 10100110110 1011011000, 101001100010100010101000100
richteherren 101100100 0100001 00 1001101 11000οε1110οε 0101 0100 10101 001000 101000100001011001 101 00110111

10 00110110, 101 100 001 0110 0100001 person 00100 1100, 0010101110 00100011 werde.
00 were 1000 dee jme 001010 00010110 001 00001001 00

1) 101 0100001011130010001.

 

