324

19111119391191919191191191911ε 1911191111 19119991 9919119, 19111111 schal 111 39191191
19 19119991 111 mach 1911111111 9119119119 1911911191111199111911999 919111991199. 9111111111
11911191911911. Whe 191 99191911 will 1191191, 19 19111191
9ο 0111 1119 11199919 119 19119191191111111 19119919191 1911199911.
9119 111919 1191 99119119 119 19119191191111

xl Van koipen 111 1911191191.

· 99 Wen 911 borger 1911911911 einenkoipvor- 1911 jdt 11911 1191111919 1119199191,11119
1191111 111 191 koip 91119 11911 39119191 1191; 19111911911919191191111111911911911911, 19
wil 19 11911191 11119 19111911191191191, 19119111 mach he ohne darvmme beklagen.
91119 191191 9119119 1199191119 folgen myth Ὺο11119111919111191191191911111199111119 11
91191 1199111319. who 1911911111 nichtbesichtigen ledth‚ 111191
911111 borger schall dem 911911 1191111919 wery vorkoiper 191 11911 by 911 nympth, 111 1191
1911911911. Β9111111 19 11911191 jennigen 1911911 he 19119191 99191 919191 111919 11911911ι 1911
191 what, 1911 99191 19 191 vorkoiper 9199- mach 91119 nieht helpenn.
191111 19111191991911111119 19111 19111911 Warynge (191191191911199 991911 119 11911191- 91
191911919191111191191. Seggen 1919119, 19111191111199119911999919111991191. cmm*

XII 1911 1913911.

96 Wenn eyn borger 1191 191 911911 1911911, 99 1191911 911 borger 1911 911911, 1119 19 borgo 91
99191 19 11111991 191 991919111991 9191 1111119- 19191911911 jn 1911911999191, 911911119191119
gen 11111 91911199119. Κ91 19 19119 19119111 9111911191111111911911199111191191,19111919
sakewoldigen 11911 1919111 11911911, so schal 19119 sake 1911 jd jn 191 borgesschop 911919
9111919 borge 191119 9111191191. 1991191191 11919.

xm Van den 1919191911.

99119 119191 99111191 119 1911 99119119 99119191 1119 191 fangen 11911 191191 anseggon 1191 19
111 jn 91191 91111 1911191, 191119 19 191191 1919111119111199119111911191, 111 11111 1911911
111999 111 191 eygendhom 11991 borgern willon 11911 ouerdrincken 191 19 119 191 fangen jn
91111991 1919911191( 1199933911 11119119191119 1111119191 991191 ς19111111911,1111 11911911191
11191919919191 11111999119119199119919119111, 119 91191 19191 1111139191, 19119 911919·
111 1911 99 199 19199 191191919111 99111391 19199 1911 19 1191 191111 1191111191.
willen 1191 11111 191 191891 191191191111191111,

XIV 1191 11911191.

99 who jnsprake 191111191 1911 39119119 jn eyn wath 19 11911919191111 193919 1911191191 191
erue 91119 11111111911191191911911111111191191 ben, 11191911 111 1 119.

1191, 11191911 lx 1 nige. Welck borger den anderen 111119 11191191 191
199 Welcker borget dem andern 911 erue 1911911 gerichte ansprickt 91191 911 9119 99119 99191· cx 1ξῶ

1191 19119119 111 91119 19111911 1919191 1191, 191 111 199 119111111191191 1191, 1119111111 1119.

1110111111( 11111· Whe 191 11911191 jnbringen 99191 vnde 191 191 1

191 Whe 1911 gerichte 991111111 wedderspricket 1191111911 will, 11191911191111139.

 

