450

8188818118 881 jede 18888111888 888888 ord· So 881188 818 8881 ’881188888 jneneehgeen·142
88888 88188881 181, jrer 81888888, 188811 881 118188 88811188888 881 18818811 88188881888188
118118888181188, 8818881881118 8811188888, 881 818 881 jede 88118181 118 in 1188888888(
188188118881888 18888111888 88188818 181, 881 881888888, 88 8181 118 8181818 8811188888 881
881 8118 881 jede andere 88118181 dieser 88888 18818811881888 18888111888 88188818 181 18
881888888 1888818111 818 18188188 8818818818· 1888881181, 18881188 8818, 8181811881888881
188 881 888888 brdlreherren 818 118, 88 8818 88181188 8188 8181188181188; welche 8181888
mens oder hewespersonen, jungegesellen 8188 881881888 werden die 818 88181188, 118 88188
1888188888, 118 81811888 8188881888188888- 818 bey vormeidunge der 188881 8888188188
818888888888181 818 wieder (11888 888888 881· 8811188818 8811 jrem leibliehen eide 18188888,
88888 881881811 8188 118881188 8188881811188, (118 818 8188 18188888 (118 888 jne 8181188181-
88881188 881888 88 881188 818 888888 18118188· 1888818, 18118 88188 818 118 181188 88188.
888 8111888 881 188 888888188 8188188118888 1181881188 88888818118188888188 88881888 141
181188 188811111888 881 81888 jeden (188 8181 nem eide von den 8818188888 881818 888188Ἢῐ·
811 881888 8118 818118811811888 8818181811 armen, 8811188181888881 888 188 ermen 818
dieser 88888 88188888 mit· der geldtbusse etraffen. 888 188 8818188, 8188 81188 8888188 188 per-
40Gleieher 8881811 881188 8881 11888118 888888 88888188888818811881881881111881888881
brdkeherren von allen andern personen, 8ο sie 88188888, 8811881181888818 8888818888.
11888 888888 88188888 (1881881818118818881) So wellen 818 8881 8888111818 8181118188 11118141
8188188188, 8888 818 11888888818188888188- 888888 8811881188 8818818188 818188 1188 881
181 888 andern 188188 8888881181 werden oder 88888188 881 188881 seben, 188 11888 888888
818 8888188 818881188 1818188, 118 8888818818 88188888 88181188 881 818 jeder der 18818188
8811118888 sordem 881 88188888. 1881188 8181818 118 888818818 818818 88118118
141 vnd 888 18188881 118 88818 118 818 jeder 18881 88888888 888188 88118.

⁴ 88888118881881888888111888888811881- wir 188 8811 18181188 888 8881 118, 88 jeder 141
8811 8818188 881 88118818 8888181, 11888188 88118881 88188881811881881181111888 888888
81818881 888888 18 8881881811 1888818818118 881888888 88 bessem, 88 8818818888 8188 zu
diener 188 888188 8188118 18 188 8811188888 881888.
881 188 8111888 881 andern 8188118 18 der Vnd 181 11888 888888 118888888818181888 881· 141
18818811881881881188188888, 881 88 1188188 88888 mit 8888888188 88118, 881188888188888,
188 8888188188 881 mehr 888181818188, 881188 8818888888, 88881181188, 8118881818 88118811
818 8818188 81881888 881 8881888888818118188- 18818 88188 818888 881 81188 888 888 88118
888 8818111181 818888188, 118 8181888 diejen· 881 888 88888 188 888188888881888118888·
81888 118 1881881111888811188888 881 118 881811 1888118811881 881 8181811181181 18118181
181188 18818811888888181181, 881 18881818188 881 8888888888 8881 11888 Christi 888888
8881 188 18881888 8811181811818881888188- heren 881 881188881888 881881181181188188-

dern 881 818 88881181 888 jede 8188188 persone 1881881 1888 881 81818818188188 jere 1888888·

8811181 8888 881111888 8188188 881188. 18888881 dem 8881888 1881818888.

CLX. ZUSATZ ZUR OBERGERICHTSORDNUNG.
1574.

Ee 18181 8181 dieser Ζ8881818 dreien der 8818881888 1188188188 der 01888181188818888
(1180111119 1888818188 1881881νὶ18. Ζ8881 81188888 8111811888, 818818118888111818188
118188 8888881888 11881σή8888, 18888188 8881 188 1818818188, welches 188 andem fehlt.

 

