m 666

666166 661 16 61611661 6661661666666, 166 166, 661166 16 66111116 66166616 darnpgeuen:
666 6116 6611 6661616616, 161 16666 166 vn· 166166666616161666661666611,161666 66666
wylle 666 wp de 66111166 1666 66666661616- 6616166611616166, 66116661666166666116661·
66116161666166666 6166116, wuwol 66 161 666 16666166661166,1661661666661666666666116,
66666611166616116616666116666661166. 1166- 6161166 66666666 61116 66661166, 661 6661161
666116 6161661116 1616, 161 men ee 66616166 66616 16666661.

’ wylle 661 16166 66 6666666 1616 wesen. 11666616 is 666 66166, 1611666 666666616616 8

² Wuwol 1611111116 gilde 661 66666666 6661161- 6116 66661661166661666 66116616611616661166,
166 16666 16166, 161 666 6611 6661 666661 166 1666166 6616 1666166, wu de 661666 161116661-
1666 mannen 661 6166611616166 66166666666 6161 6666116 66661161661 666666661 werden, 66
6611666166, 6661666116616 166 6161166111666 161 66 6116 frige lude 66661166 116666 66116
661 6616166 mede 666161666616, 661 6166161 661116 61611 16 werden 661 6666, 66616 666661
66666666 661 166 6666 1666 66666666616 66666- 16 16 66661666166 1666.

Ε. Ζ666116 161166666616681666666166111661526.

Ensemen 666616111666 16666, 16666 6111616611666 66616 Μ16166111 6616 Petere deren 66666 1661666
6616 6616616661616116. Ε166666666 661, rades· vnde 6616616 gedeon, 166661616666666611161
666666, 6111666616666616166611616,1666616666 6666 1666666 16616 6666666. Derwegen 16666
661666661161616616661611Β66666161161666166 661 1666 166 6616 16 166 6111666 66 61611 16
166666 6666616166166 1661116166, 16166 16666 hulpe gekomen, 616611161666666616666661611
611166166 666666666 661 1666 16 161666 6111161 66661616 were, welke 66616 6616 16616661661
6666666 666, 661616161666 61 16 66616 66111666 6116 myth juwem 6616 661 16116616 66661666 666
(16661611611666166666. Auerjuweersamiehende 1116666666, guden frunde alle, 11 161 6666666
661166, 161616661111 661666616166666666166 66161, 661666666666, 611166661666 6616 16661-
166666611666 666666 66616, 1661666 16 661 616 1616, der 1666 mannen vnde 66661161616616661
661116666 666Ρ6666 6661 66666616616 66161, 61 like bede, 66 16666 6666611666616 661 16661
1111616 1666116 666 (1666666, Η6616666666 661 161666 6616111161 6666, 161116661 661 jere 66
66166666666 6661166616666 66161166, 16666616 61666 6666116, 16 6661666661666, 161 men denne
6666 1666666 6666616661, 161 16661666 66161 66666 ,1666666 16 6666616 661 611616616616,
6661 61611 16 66116 11616 1661166, 61 wp dem 66 661 661 666 66616611166 666666 66616 be·
1666 Veeehelde, vp 166166166666, wp der Olber werede. Juwe ersamyeheide hirjnne 6616111161
molen 111161 1666116 16661161, 6616 61 666661- 666, 161 611166 616 6666666 661, 66166666666,
1161 16666166166616166616, 66 166 6161166666 611166661666, 166611616, 6666666 6616 666611616-
vor den Vellersleuesehen vnde Μ66661 16666, 66 166666166 6611166 611166 661 6666166166 6666
166 661166 6616 666666 166661661, 66 dem 61666 61666 11116166 6661 16666166 66666666161 gerne
welle, jn dem 166616, 61 66 166 6661166 666 66616666.

CXXX. EIDE.
1513.

. Ν66166161616Ε116, 1661616 166 Verlaufedes Aufruhrsvon 1513666 ,4666661666 166666,616(1
666 melreren Hdnden 66 6666611616666 Stelle aufyeeeielmel worden. Von dem 1611661166 (16666166
OXX V, CXXVI und CXXVIII 6166161166 811616, 616 (166666 0616611616 (G) 661 elmere
bar auf 616 1616661, die 1. Fomek 666 dem ndmlielren Selreiber im ersten 11661166616616611161611
(61661116 16166616666666 No. LX) die 3. 4. 5. 6. 8. und 9. Von der Hand, welde 6166

 

