‘eL

by dem 1111116166 handel geweeen de parthie 1611161111) 61111611 161116166116116, 11616611,
1616 66116166 1161161616 1161 166 1616611166 161166616161166166161 11611161 16116116611,
16111666161166 1661 6111166116 161 1616 61666 6111661,666661111116116111116161116116111111
161161116111. 1111166166 1666116 6661 6166 1616666 16116611. 11611116 66 111661 616 11116116
1116116166 16111111 161 1611116166, 11 16 66116 16111 6166 6611111116616611661611611611616
6616616161116611611611616611611161616111, jegen 161 vp de gefeirden 161 1611611661166 Ι
161111116161111611161116166161166661661· 11166 1111 1166666161 16161166, 161 16161616
161 61161166. Were 61616116 6616 11611161 1111 66161661611616116161611111661 6611116166 or·
616 16616161116611661161 6116616611 61611 66 16116661161611, 161611 61611 611661161161111-
6161, 1111 1611 161116 1661161 1611161616 166 11111166. Wen 1611 16661616, 16 66111166 16
611166, 16161616 16 16111 116 616616 1611166611 11611116 1611116111611616161111161611611616161
16611116111166 6116111661611 111116, 66 661611611 them 611616161661616116111 1661 66111161 661-
1611661611) 666166116616 wiese gebolden werden. seheiden werden.
11611616166161616666111111161161111616, 1611611166 111166161166 6611611116161166111616111661 116116 2
de 166161616 6166 66111111161166 6611116111 jnbrin· , 16161161 161661666111166 werden, de 16166116-
166. 116161666616116 166161161616161161161161- 1161 161 6161116611 66161166 1111161 1666111611 161
66161616666116116666111111116111616116111611611 1161166, 16 66116116 16116116 61161 661( in 1111-
1611111611116116611161166111111 166 1111611 11111116 116166 166161661611 6161111116161161116, 616161
6116111616 1666611166. 1161616 66161 16 1116161 1161111116161111111161116166116111661161
66161 einernd 1616616116 61661611616611111116- 6661 16161616 61166 61166 den 66 dem 1616
161166,1161616611616 6611166 661166 616 wil 111- 1616 66161166, 1111616166 belpen 16116166.
16111616116616611616616111161166161,11616166- Deieh 66111166 16 sake 16 61611 11161116161611 3
de 661611161116111616616, 1611 6116161616 ge· 116 11611166 6611111611 16616161 6161616661161-
661616 1116 1611111616 161616166 11161 66111111. her 6116 1611661 166 1616 16616666 1616 111111

Vnd 6166 61616116611116 1661116166 6ο 66161166 61161 1661161166 werden.

Hirnbe 1611611 1611 1111111116 6161116611.

I Venn 1661 11611616.

1 111616111616111616661161161161161666166 611116 111111 166 1616166 1111 1661 1616 nieht ’116166 wil, de 66161
¹¹¹¹v ¹ 1161161116 (161 reden, 1161 161 16166161161116111 161 616111661166 61611 1616111611 1111 1611116-

werdt, 16116616166111116611611166 6161611611 6116 66· 6611 11611666.

611611616161616611666116661616 were Wee de mebrendeil 16 1616 16166661616116611, 1613
exre

166
2 Welelr borget wil des 1661166 1161666 11161 166 11· 66161 16 6166611611 161166 6166 redderepreke.

Lx¹⁸⁷gerlen 161 16111 1616, 1661 wil me rherrnner· Der 61611 recht 11661611 616616166 611616 1616161161

1112 1116661 161166. Welek berger 6661 166 rechten 1161 161 1661111161 1161116111 611, 16

ΙΙ Van verbeidende 161 166 111616.

ewehme klagendee neidth 11, (16 seben 1116166 eber 161616616166 6111166166, bergen 6116161666
1*11111661116116161111111661116661166 men 11161611 will. rechten, also date he syne 61616 1116111111 161·
fl Sne ein berger den 6616161161166111616161 hegen, 1611161616 61161 1616616161611616611
11111616166 1616161161, ee 61661 166 1161· dem lichen 611616161166116611111616666616,161
16161116116 166 1661 61161 611611 bereipen 1161 116611 16 111616 6116 endtsehep 1611, (1611 16

md an den geminen radth. denne 616616111 1161161161111616 6611161166 will.

vlle kleger 66161 61661 61616 6166 16166111616 De 1611616111611116 ken 1116 ἕ13186116116611618

 

