555

01301011111101110113011010101, 1111011111 100 3010111101101 mugen. lr 0011010101 vs
niemnndts vereehonen, viel weiniger die hoffe die lendtgeriehte vleieeige 00111113 30101, (11
1011010001 100001, 10011010111111110 01111011, 01100100 0101 11 streffen 30111101 01130110301
3011, 111001 1111 100 010 101110, 00 eey 11011- 1111011011011110101011 01011031011111011
0101 ander holdz, 10001, 101110100101, 0110, 0001111111301301111111011101001110301101-
101101010101000011, 1010101,10100101111 10, 1011111 1011 11010 101101 1013011110110
011010, 1131010101 010 ealdre, 301001, 111011, 11010110 101110100, 110 110001101101101110111
01011 1111 eundern 1111111101 1111110110100 30110110 01130001110101 werden, 301101110111011
0101101101 eingeeessenen 00 1011010 1011011· 0110111010011010011011 0101 113001011 werden
lingon 11110301 11101101, 110110 10110101030· muge. So 001111 0101 1101101030 1111 01010
001100001, 3010001 1111 11 30110 30100101 111· 0130101 10110110 111101 mit den 11101103101
101, 00 1011 100 mast, vehme· 111 0011011- durch die finger 00101, 0011011 111 010 110100130

010 0101 100 0110111130- 1111101013011111110 110011113 10101 11 010 10111010, 00 seyen
11010110, 3011011101 0110 101 111 10011113 1111- 11010101 0101 anderrn 100 dem rhate gebuhrel,
300,111100110101011111301 00 1011111101- 110110 101001101301, 1101 10111301 1011100 11
30110110 010 11 Wendtheusen, Veeheldt, Amb· jren eigenen 1111 00110301 1113011, 111 001-
10101,111110000111110100101011011101110 0101 101 11101110101 1011001030 1111110 30-
1011111301 101, (10011111101101 11101110101 0101101, 11 010 1011100001 110111101010 101
01110 100 11010 001101101101 10101101 1101101101 30110110 30101101 werden, vberfluligen 101101-
10111, 00 001 111011 0101 3101, 30101101 0101 1101101, 0011011 101 110 30110110 113030101,
00101011011101010011011110110113010301101- 11 011 jeder wieder 11 1010 gehen 111 11 vn·
de, 110101 001101 10111 11011101101100001 10111301 110111001301 1110001 111011 101111101
1110010100 11 01011 1111, 11101 100 001011 0011 muge, wie wir 101 110111101 10110301
000101 1111101 30001001-1110110, 101101 101101, 0110 0011010 0111013111 messe durch 01101 .
1131010101 100 1011 11010 101 11101 0011011 0110101 01001103101001101101 wellen, 1011001
110110 0130111301 0101 die 31011101 11 1011· 0101 011 jeder 11 1101101 10101 11011οε 0100101
1111301 111 0010101, 110 110 1110 0011 1110101 3011 10110.
1011101 011 101110101110 11300101101 0011 wer·

den, ohne 100 11010101101101, noch 1101101- 21111110111101110101111111000011,10101011 10
niger die weide, trist 1111110101 011 01101 Ηο11113 Schrader der 1031 1111 11010 Β101100
1101 10101 1010011131, 01110301 werden mugen, 1011001101011110100130011011011011111111
110100130 0011113 30101, 1111 10 10110301 et· 00 010. 84 100 0101101130001101011.

100 11111010, dem rhete eolches alsbelden vor· 1111 001101 11 30111111110011 10111300 10111
melden 111 0101 10100 101010110101011011010 001101011, 100 111 110 301101 111110110011,
0110101, 0101110101111130111111101101 0101 11001 100100 1100011, 001010111111 10011011

..——-...-..

1101100101110 1001010 00110110101101, 111100 0101 eurem 1011113011 1001 1101011011, 1111
11· 11110111301011101, 0010100 01000101011 0101 11011 1110 mehr helttenn 010 111 110 1000011 mit
dem 11010 1000011130 1011101101, 11111 summe 01011010111301101011, 0101111110 10111113011
1011001 mit 1101111001101 101101, 110 110 111· 110100130 0011113, 00110111011111011031, 30101,
110101 11111110 0110 101 11101110101 0011101- 100 0101011011101001101101111011101110101
101010001101113 0110101 111 1011 11010111 0101110 111011110 0101 1111101113010111103
30101101 01011111100101,1111101111011011 101 11101 300010101 muge, ench 0101 001101
0101 0111130011011 1111011111011011011011- 01100 1011101010 0111011011 1111 0110 110010

1) In der He. 01300011. 2) Die 01011100 1101· mereln 000 11001101· 11011.
70·

 

