00'

. Lx. EIDE.

17 77777777 P09·'909909800809 999 4‘, 90080809 777 7771777 1777177 90899809 777 ,97771777 999 89'0 8998880
7777171777 8777179777 77 7777777779777 797771777777 77777 8777177977. 809 877717 1777777 988 1771777779.
9999· 7777 8777771779 7177777 8777777 777 771 717717777777777 7177 0098099 17771717 7777 9777777 77771777 87177717
7797777717·7977771171777977777177771777(177011777777177790717177170717777797777797771777
Dar 919 tme inne 90 dem 7777 en tde eyde de 190 dem rade (1797. 717777 (1777 echte dmg 9980 derstad ·
77117107777771777717Μ777Β777777779. (777777777777777777,7777170171777779(1707711777771771177

, dem rade m 809 Oldenst ad 90 1777797779.

9989 08098 777777 7777777777 7777117717 089089988. 909 7177777 7717777777 2-34: 1777177977 0809 77-
7779 7779191 7797 87177717, 77777 17777 977177 11777777 77717 771’ 7777777 7777717777 1177777777 8099088809 1777717,
717777 17777777771777779 09'999890909 777 77 77 99 ’7771177 Hand 1777 7777 (7177177777 Weise, 777 71777 89'0908809
11717777717771777 77777 7717177777 777,17777 (777877771735-459777177771777 117 7717777 717738. 0890
Ι7777777777 11777779 809 3677 ,77777 7777771777. 717 7 40 41. 777 40. 0098980990 1177777779777717718 13.
’ 77718, 7ο 99'98998809 37. 77777 38. 777777777117197777 8777771779 97977777171777 V09 77777 77777-
7777 998 777 977 77 Η7777 0080999, 777 8980' 7777 8777777777 9998 899999 9 11777777 777 7771717777 1407—1417
7777779717971,777 77177777 7777 7977771777 809 49. 9998 50. 7777 1777777177 40-59 809, 77791777 7777 9908
89'0 1. 9999 7771777 777777 77 97 77779 09 71777 77777767 777·1771777777779 800 8717777777, 77777177 9999 771
1777777771777177771777777Ζ777717777777778771779777 009 777777 Η7777177797777977777 99999989 7771777.
27797777 77 777 17777777 7777777777 7177777717771777 79777777 77777 7777777777 11777777771797777977.1177777777777 ’
1990 7777777717 ,7177771177 0099 9998 0809 89'0 9998099 777 777717777777 87771777 9998 8999999 8777777797 09-
9777977777,177771775877771591777771977777771777.877777717797777 Η77771, 77 080 7777771777 9089 171
9777, 9009809 77 989909 8771177777779717771777777177.

1777 999 ,7177 8777771779 9998 800 877717 7777177 777771 0908 77 777777 7771777 1779777777 7777177 77 4¹⁰
999999 777771777715847777Ρ797717777177177717777771777717177777779797777777871777777777177 09099'
9908908998099 777. Ε7771777779177717171177777 (1717777777 809 9999 90998999 09 009'9: 77 77771 717777
7771777 79777717 ’1777 7177777 W09'08888 7717777777 7797977797 7719777777777777. 177 777 7177777 8777771779 7177
77 ’71777777797771777 9099999 7178,9,13,18,3677797777777777117777717,7777177797777177717717742.
17. 41. 49. 38. 7777777 9099809, 900990800009 777771, 80909099 777 ’7177 7777177 89'0 41. 9990, 7177 88090 Fas-
0899 809 48, so 777777 777 9008 9777777· 7771 90889'0009 777777 7777771777 77777. Es 17171 9099 7177 7777777777 9008
999 24. 56 9998 59. 11777771, 9090 9777 9'89 89'0 90088 71777777 717 49, 59, 66 77771 61 97771717 777 0990988 777
898 77771. 999 717777 1399 777771 909 809 97779777 Η77771“7 7777 97 779777 77717 1777 977 099 777777 7117777177 0099 09⁸

' ’ 9717779777, 717-77777 7777 7777 71777 7777 «171777 1426 177 97177 117777 777 , 97777 8 , 777777 7777 7717777771 09 009008999,¹

7771777777 77717177 17777777 77717779 988 9998 909 9089099 0809 777777 17777777 7777977777177777 77777.
Ι 999 71777777· 0099, '9080809 17777 7177177777777717-77177177177717 77787717 9¹9 12999009 7177 7717777
14331777 7717777977 1777777, 998 7777 7777777 009 7777777777Ι ’1717777 9000899'080909, 980809 7777777 17177777

, 9989 909 8999999990 09908899 7777, 7771771777 777777 7177787777-7771777 77771 7777771779 0908 7777 9777797

’ 71777171 009 1899. 9999 899 7779777977717777977779777771779777177 77717 7777 7777977Ἠ7777777 7797771777
1777777, 77171777 777177 777717 77 777777 809 9990999 'B80809 09'999890909 777. 7177777777 91777177 89'0 Auf-
7777177779 7177 8777177 117177· 809 809· 809'809 Α17777771777,· 777 17777777177777777177 00099999999 809 999
009 j8990909· 9998 7777 7717777777 117777 7777779717797. .

11777 900880809809 909999 17797 809 099 7777777 87717 ,7 7719717177771 777-ν’ A 90999980 0099 9999
. 8999. 1177 9777779777 Α17777717779777 7177 77777777 Α’; 71777777 8 9998 7777777711 999 809 7177777 97777777·
777777 17777777 7777, 777777 7777771 717777 777777777771777 11777717777177717 777 7777 809 Τ 88, 999 8099 8999 7779771779,
7177 09'09 8099 0999 Α· 779777717777717717777 1177777177 97717717 77 809 1777 7719777777, 1177771777 1777777 8099-
9008 999. 8900 77771777 7777777 77777177 1177777777 7177 15. «1717717777777777 9089890889'08 9777777777 Ε7777.

Hn.

 

