323

VIII Van vpletynge erue 0001100000.

70 Allo liggende 001010, 010010 erue 0001 11000 dem geriehte, whur 001 00 0001000101100 00
10 dem 00010110 1100011011101 000, 00101100 0100 001 000 1011 erue helegen 11.
00010110 tho rechter 1100111110000 000101100 000· 5001000100 00000010 1010 001 100 00000010 76
0000010000100010110 101001100110000. 01011 1011001000 10010, 10 101011 ju deth ge·
73 Wen ein berger dem 001000 0000 0110 1100 0100 010110 0101101 0011111000 010.
'¹¹· ¹ger-iehte vpledt 001 ehme 101010110000000100, De jneprake 0010] 10 1001000 jn 0100001 dege 77
mm' ¹ de 101011 dem 00010110 0101101 1010. 010 0110111000 00000 01011000110. mm· ¹⁷²
74 001 000 ein berger dem andern erue effte 1100 De 000001100 10000 00101 me 000000 vp de were 78
'⁸1· 000101100 011, 00111100 00 10110 0000001101 0100 010 0110011000 00000 010110001100. exrxvn, 100
cnm’⁸dem gerichte ersehienen‚ jeth were 10000 1011 Wen 11000 00010111 werden 0010011000, 001 79
011001100011110001000 001 000101000100000 10 10001100 1010 011 100 0100001 010 00100, Οῃὲξῇ, m
00 000010 10 00000 fulmeehtigen 0001000100 100 10 1110100011100 10 0000010, 00010 1011 0100
01011010οθ0 001 0100100. 1101 101011000 0111.
Ie Wen 001010 0011011000 00001111, 00 100111 10 De koiper 10 000011011011 dem besytter 100 hu· 80
000011, me sehalJ'dt 101100 0010 001000 1011 000110 0000001010 00000 00100, who 11010
100 010 001100010010, 10 000111 jd dein 100000 100 1101 00101111011, 010 0111 01000 1010·

0010 00100. 110110000011100001100001110 011 001100 01011 0001011000 0111.

IX Van 10100011.

81 Nein 10100011100000001 000 00000 bergern 0010 , 000 10000000 0110 01111100 0000010100, 0110 000

'⁸¹· nehmen: 1001010 10110000001 10010001010010 0100 00010110 0111001000 01100 0001011000 11010,
cmmwjmleuende 000, 00111100 0010110 00001011010100 1011 00110 10000 01000 persone 1010001.

00010110 00001100000 001 110 recht 110 jha 001 Wen 010 1000000100 101000111000 01000 10000088

110 0000 01110010000. 0110 0001 10110000 00110, 001011 10 010010·
00001 00101100 10 010110100οη 0001010010 001 010011010101010011 0001000000.

0001000 001 10 100001010 00100 101000110ου 00-

Χ Van ehedenn.

84 Welelr berger 0110 00010001010000010110110 Wen eyn berger 100 andern 0100 00010110 be· 87
001 100 0010001010, 001 me 101 00110000011010 1100011 0110 0101 000010 0000 summe 001100 00-
cxxxvn‘³⁵deth he 0001 00111 00000110 100110 0010100 1000011, 00110101100010 000 dem kleger 00101-
10110, 10 1010111 dem 00010110 lx I rige. deth 001 ehme deth 001111 geue 001 wil dem
00 Welek berger 0110 0001 00000 0000000 00111 110000 01011 110 01001100 110 0000 0100, 001
01· 0010000, 00100001000101 011110100011000111- 10 101100010 011 1000100010 1011 111110 001111
cxxxvll'³⁶gen 000011100010010, dem 00101 me 0110000 000 dem berger 001100 00111 000110100100οε

10010100000001 00101 100 010111 enberenn. 1011 00001001 00101101011 0000.

86 1100100010 0010010000 11 00001 me 010111000- 11011 000001 10 100100010 110 dem 110000000- 88
000 110 dem 0010, 0010 10000 000100 000 dem 0100 00100 00000010, 10 0000110 1001000.
0011010100 10010 001110111001. 11 10 001 10 Welk berger 100 001000 101100010100 00010110 89
100 00100100, 00 00001000 01010111110000 00000 0000 summe goldes 0110 01001, 001 10
01011 0100 110 100 0000. 1111101010100110· 10100010 10100110011 0010110101110 100

00000 001 10 00101100 werden. 00000000 001100 00110000010110, 10 1001010 000001

 

