335

1111111Ι 116 schal 6116 16111136 10110161 hebben 16 pen 111 111661161.
16116111111116 3611,2 111 111 111 3111616111111161 Whe hir hoppen koifft 166616116116116111611 116-105
16166 11611111 then 1611611 11111 16116 16116111111161 1111111111
68 De 11011611 6011111611 1111636163611116111 (166111110- 161161111111611161161111161611611 himpten.
166 0116 11161161661161, als 1666 16116111 111 061 6616116161111 1116661611611611111611106
1166116161 111 161 616111 11116, 16116161, 31116, 61161,
991111 661611 1611 16116116 611161 1611611161 1611611616 116166 noch 613611011611,11111.
ΠΜ111111111111611,31161116 16161161661661611 11161111 ldth 661161 061 1161161111 16111611 6161111611, 11· 107
andern 1111, 1611116 11116 3616111 161 1611116161 161, 6111161, 1161611616, 1101161, 11136, 66161161,
16 611616161 1111 me 66161 6116166 1611 1611161- 661116161, 161161 1061 61161, 66161 61161116·
161611. 16111616, 1611166616 1611161 16611611611616

100 who dem 611611 jn 161 101116111161611 1611611616 36116116 1611 1111116 hir tho 1611
1616 1161161161 (16111611116111611616116 116161616 1111361 willon, 6111161 111 vp dem
36116116, 111 61161161 61161611 1611616. 116161616 161 16 161 1161161 1011611 wil 66161

101061 161161 1611611111 11111 1161 stadt 36116116 1161611 161161. 11116111611611616616160-

ΠΜ 6111161 1616116 11611111161111111161111, 31616 1616 116 6161 1611161, 1111 were (16116,1611
116616 111 (1111161114, 11111611 16111161 161· 1616116 16 601616 1116116 hir vp 1611 mar·
koipen 1111. 11161161 6116161611636110116 6616116 6116116 6111611 16111611 dach (1611116116 3611011611
(161 rade 111116116116111116161. 16166161 16116. 06166161 1611 1611111161 16116116 361111
61 161116 116616 hir 1161161161161116161161 1161101611 161111 1011 111 1161 166 11011061-
111116611111666161 1 3161611111 syn veile 161· 1161161ο1116116111136116,1111.

161, 1111666161161 116161111 3111111136, by Nemandth 66161 111 dem Lehrewolde holt 16· 106
1111 nige. len 161116 tho 16616116 61161 1111116116 161-

106 11611611 11661 161361 66161 hyr 111611 161161 161 61161 hir 1161161 1611611161 wolde, 16111-
men 611616 16116111111611111161113 16111· 1611 ein jder 11661 woll tho 61161 1111136 111
161 wil.⁶ 1611 16116 111 jn den 166161016116111 halen,

106 061 66161 116161 1111161 101111111616 161161 j0doch 1611 66161 16111 1116611161, 1111116
6116161136611161611161 16116111 1161616111 111161116116161110111 sy. 11161111 andern
1111 1161111111611611611611111161661116· 161116, dem 6610116 me folgen 111161161116.
3616 66111161 166 01 1161111611, 1111 I 1161 611136. Β11611111161110116 66161 16161111
Ie 166 16116361 worden. Vnd 11611116 66161 311111 161111 mit 6611116161 1111161161. Whe
me 10111161 116 611611 16111616116 vp dem 061166161661116161 vp 161 1161161 6111611101

⁸ 1161616116 6163361 11116666161161161161161. 161 16161 111 jn 161 1611111161 61161 16 111-

104061661611611161111 611611 611611116 3116 1611 11 161 3611616116111616 61161 16 11116
hir 116616 1611011161 111 11616136111161161 110161116,1ο116161111616616161 61161616,
16111161, men (11116116111161111116111616 111 161 6166 16116161 111 61611111611, 161
116 1161611616 11113611 661611 116 11111161 161161· will 16 161111161161 1011116161.

XVIII Van 16161, 1110116110 borgo 1661, 11161 1111 11161

106 Ν6161111 16161 11111 1161161 11 (161 16161616 1116 (161 661 eine 16161 16116 vp dem 1116161616 161116.
”³¹⁴⁵ 36616 1611116111 11 1161161661 66161161 Whe 16116 11661 161361 11616116 161 6111611611

1) Amyclaseen 161 16111161 36161161 16 61161 16111161. 2) 1401: 116 66161 6116 11111316 16116161 hebben.
3)Αι(616161161166111161611 11611616 111111. 01611 6611116116 16116161 11611 161166 6111161· 1611161111 16
11116 etc. 4) Aueqolauen 161161 vnde 6616161-61611. 5) ς 102 6611 andem Hand 11111 Kopsmde (166 Elam
6) 14241161 1661161.

 

