481

Statuit 1111111111 111111 consortis,⁸ sein 11111111111111 iat 1111 111111 1111111111 &mysianum 111
jesses ersahres² 111111 111111 Ρ1111111111 (§§ 32, 57, 58, 61, 62, 141, 147)111111’111111111111,
eine 111111 111 1111111 in Ε11111111111111111111 sind, 111 11111 immerso, dass 11111 daran er-
11111111 11111, wie dem 1111111111 Lusus Ζ1111111111111111111111111111.

111111111Β1111111111111 1111111111 111 111 11111111 111 1111111111 111 111 11111111111111111111111111 111 1111
11111111111 11111111 111. Β111111111111 111111111111111111111111111 111 111111111 111 11111 111111 11111, raths-
1111111111, 11111111111, 1111111111, 1111111111111 111 1111111111 111 11111Β111111111111, vor sich 11111 111111
111111 111 1111111 11111111 111111111111 1111111111, 1111 Jhesu Christi 111111 herm 111 1111111111 111111 im 11111·
111111111111111111 11111111111111111 jars 11111111111 111111111111111.

17111111111111111111111111 111 1111Β111111111111 1111111111111111 111 11111111 1111111111111111 11-
thun 11111111111111 zu wissen: 1111111 1111111111 111 111111 1111111111111111111111111111 11111111111 111111
11111111 1111111 111 11111111, 111111111111111 11111 11111111 11111, 1111111111111111, 11111111111, 111111111-
11111 111 1111111 111 111111 111 111 111111111111111111 111, 1111111111111 111 11111111111 beradtschltgt 111 111-
11111111 111 1111111111 11111111, 111 1111 11111111· 111111111111111111111 1111111111, 111 111 mser 11111-
111111 111111111111 111 1111111111 111 was 1111111- 11111111111 1111111111,111111111 1111111111111-
111111 1111111111111111111 111111111 11111111111 111· Ι1111 111111111111111, 1111111, 1111111111, 1111111111·
11111111111111 11111111 1111111111111111111 111 1111 111 11111111, 1111111111 1111 1111111111, 111 11111
1111111111 worden, 1111111 11111111111111111111111111- 111111111111 11111111111111111 1111111111 1111, 11111, fests
ffelt 11111111 1111111111 1111111 1111111111111 grosseti 111 1111111111111 11111111 111 111111111111 1111111111
1111111 111 111111111111111111 111 1111111 gersten, noch 1111111 werden soils 1111111111111111111111111,
1111111111 wir 1111 111111 mit geduldt 11111 11111111 111· 111 11111111111 111 1111111111 111 stratis 111 11111111
len 1111111111, also 11111 wir gott dem 1111111111 11111111111 11111111 1111111111 111 1111111 ist Vnd
zu 11111 111 1111111111 111 1111111111111 11111111 111111 111 1111111 zu 1111111 wie 1111111 111111.

111111 suff 111 1111111111 111 1111111111 111 suff 111 111-

I 111 1111111111 1111111111111111111111, 11111111, 1111111, 1111111111111111111, 11111111111, 1111111111,
1111111111 magisterii 111 1111111111.

1 Die herren 1111111111111, 11111111 1111111, doctores 811111111111111111111111,1111111111,1111111111, 2
111 1111111111 11111 111 11111 11111111 1111111 1111111 promoti magistri 111 secretarios 11111111 111 111111, 11111·

halben 11111111 mit 1111111, 1111111, 1111111 1111111111 111 111 1111111 11111111 futter 111 mit 11111111 111·
111111 11111111 111 mit summitte 111111111 111111 111 111111111111111111,1111111111111111111111111111111,

1111111111. 111 stratis 1111111 111111

Π Von 1111111111111111111111111111111111 111 111 111111111111 1111 sins 1111111 11111111111 1111111111
1111 1111111 den 1111111111 11111111 sein,

3 Β11111111111111111111111111111111111111111,1111 1111111111 11111 111111 1111111111 1111111111111111·
1111 111111 1111111111 1111111111 1111 nicht 11111 1111111111111 oder 1111111111111111111111111111·
1111111111 1111111 sein, 11111 auch 1111 111111 11111111 11111111111111111 111 1111111111, 11111111111111
111 1111111111, 11111111, 1111111111 111 111111111 futter 111111.

1) Im 0111111111131111111.

 

