414

xxvn 111 1111111111111111616166111.

66 Wer 11111 11311 1161161 111 6611, 11111111 wer 1161 3161111111 111161111111111611111·
nicht 361111111611111136111111111111611 161· 1113611 111116 1631 111611 haben, 6111111 1111
161 3131131111 1611111111 1161111111 1111 1111 6111611 1116161161 3111611111111116 31161.
1111 11 balgen, der sol 1111111616131111 einer Wurde der 116111161113111111311, 61111 11111
1111111 161166161 111161 111 116 1111111 36· 6111161 jme solbs 111116161 111 1113111111111

111111 1111111, 11111111 111 111 11111113 311111 jme 1111111111111161 nicht 61111113 sein.
111 1111 111 11111113 1111111136, 1111311.

xxvm Von 111161111161 11111111111111161, 66111111 111 1111111111, 111 111 111661116161
116111111136 1161 11111113113.

89 Wicwcl die jniuricn 11 1111111161 111161- 111 1111 3111111111111111361111311111, 111
11161 366616161 1116 111111111 11111 11113111 111161 111 111 1111 111111 haben 1131116161
3111161 161161, 11161 1111 nicht 11111161111 111 116 dic 6111616111131111 111111111611611
111 1111616111111 einen bescndcrn 11161 11 116111111611111136116161111111111111111111
111161, 111111 11111 1111116111 1111) 611111 11161,111 111 611161 alle 1636 36361 61111-
166161111611111111611161161 11131 161 1113111111 werden 1111111, condem 11

1111111111 111161 111, 116 1111 ein Jeder 11611113 111 11611 dem 111611111611161111611131
11166111111611111 116161111111, menschen 1161 111116116, 611 111 611116161 dem 361111616161
111161 11611116111116 1111 mit 11111611 1161 cine christliche 3611111111 11111 111 1161111111
1111111161113111116. 1111 111 116 auch 111 111111111111111111

1111611 1116111116161 111111 1111111111 mit einen 31116111111111 31161. Wurdcn 111 cher
111161 1161 mit der that jniurijrt‚ 11111111 1111 116 1111111111161 die 11 1111111361 nicht 11161-
111111131, 161 1111111) eine 1116111 3611111161 nemen, 61111111611116161111111616111116·
161111111161111611111111116111611111111111 herren 11111 1111611 111111 111 1116111111 111

92 Wo 1161 16111111 161 andern 116 1111611111 1111111111 11111111111111 1111111 einen 311·
111 1111 mit 111161 11111111, 111161611111 111316111161111111. ·

16111161, 1111116 1111161 11111 sein wurdc,

xm Von 11111611111161 wieder 161 1111 1161 eine 11111311611111 1111136611611161.

61 Wo 6111 16111111 36111111 116611 11116 111 91611636111111111111111116111111111,1116194
m'ffi 111 1111 1161 6111 111111611111 in 111111 111 1111111611 1111111111111111 11111 31361111113·
²⁰⁸ 1111136111111111 36361111113111111 1111111111, 1111 1111611 11311136 36361111611111111, 1ο
1161 1111111161111 11 111111111611, 161 611 16111111161111111111 111111111111111111
cin halb jar der stadt emperon 111 1111111, 1611161 1111111 611113111113661111111111-
16111111611111 111 6111111116, 1116 1111111 161111116 361116 11661111113111116111116-

111661 111 11111 einen 1161611111ηὰ 11111111 1111 1111111161 111116161111111.
1111.

XXX Von 111116166111111161, 1111611 111 1116111161.

95 Wir 36111111 1111 111 vollen, 116 1111111111, 161 1111131611 1111 6111111 1631111116113111111,
111611116661113,111 11616113111111111111, 111611, chre, glimpff 111 3111 31111111 nicht

 

