351 ¹

werden. 111616116166611116161161111611- Thom 1111616611116116116116111661111161-5
16 1161111611 16161 161 1611666116 klocken· dee 161 1611161 1116161161 were 161116 thom
61661161161161111116,661111611611116111661616, 1111611116161 11661161, 16116 1616116616111166
11114161161611 1116 61161111616611116111161116111- wigbeldee vnde der gilden 61 1611611, 161161
1111111161111611 11116116111116116161161611116 1116 6111161161 161 611 1611611161 6116161-
16161116616116 6111611 161161616161116116- den, vorschaffet werden mdgen, vnde 161 16111
66116116 6116611161 1116 61611666111611111- 11611’161611661611 11111161161161 11116, 661161-
οι111316111161116116111611611. 1166166161161111111 161 16 nabere vnde andere wmbgeeetene nach
111111611116, 616111661611116 1161611161, 111111161- 16161611611 6611 derumb 6116116111 werden.
vnde 61161611661116 61111111 611, 1611 16611161 'l'hom 818111]10101161111111119111111801611 ³0 hire
echdllen 616 61161 1111161 16111161161 611, 61 166166116611161161116116111161 16161, 61611
161 11161161161 1161 6116161161 1116 6166111- yn 1161161161161 11661616116161161116166·
161 1116 116 161161, Tho deme echolden de 111616111611611116161116111111661, 1116
16161 66 yn 11161111611611611161611616116- 6616116 11 16611161 16161 166 1161166 1161161
16161 16116111616116161161, 1161611 1116 111616611161116661116161611161161. Wdrde
eiek 1616161 1116 161161 161161, 1111616 einer 116161 11161116161 161111 16611611611, 6616116
merck. 0611 11161161 16 111116 16616116166 1661 16161611611 161 116 611611161 1661161161
161 1161116616161 bequeme 1111 161161 1166 werden.
regerenden bdrgermestere 11611 111116 161161 Τ16116116116116616161111161111161111611-1
1166661 1116 1616116 1111111161. woner by 611611 16611116 1166161161, 161 11 16
Vnde 661116161661611161611 11116111 wig· 11616161 111161 11161611611116111611611
16116 16 61161 1611611661161 1616111611 16 1616116116161 werden rndge, 161111116111616·
welle, thdrne 11161616, 6611 1616611611 nedem 1161, 66 161 161161161 111116,1611116111116
1116 1116 611616 1611111 1161 11616616116116 1611666161 werden 11116.
161161. Thom 661161 16611611 611111 6116 6161111168
c¹¹¹Vv⁵Deegliclren echdllen eine 6111611 rethe 111661- 16161111161 161161161,Ι 6616111611 11161161 11
1116, 1616161 vnde 16161611611111661116 11 11611611 wege 6116161161 werden, sunder 66161
dem 1161616116 116 16616 mit 11611616 6166111161 611 1161 1611 anderen 111111111116116116161
111 6116611611161116 16161111611. eo 161611616116161111111616161 116 denen, 161-
1161161 66111161 161611 1611111611661 61161 mit, 66 yn mehr 11161 1161 161161161 111116,
166 11166 116 1166161161 161161, 161 1616116661 1611616116161161111161 116116116161 wer·
keine 111161661161611616 1111611116, 1611666, 161 11116, 11 1616 11161 merck.
rnuorordente 16166161661111611616161161161, 'fhom 1616161 66111161 6116 1616111161 nit dene
vnde eo 16161111611111116161611166161116161- 1616111161 1661 16111116 1161616116 161· 0111711
ordenten 6111611661 nicht wik'en 161161 1116 11161161 611, 1116 seholde 1616116 66 16 616161
derwegen 16616161 111161, 66161161611161 161- 1616116161 11116116 61161111161, 1616611611
1161161161161616616161161161. 1111166611 11116116 116 611 1116 16 16 1111161 1116116
16111161 16116116 16111161 16 61611 6161616 161 61161 161161 111161 1161 161611111 1161111161,
61111616116161161611616116616111611111161,161 1611166 1161 161 1611161161 11 1661166 161
water 1611111611, 61161 16 emmer vorbernen 1161616111161611616111161116116116166116116.2

111116, 6616116 611 111661161111166116161161161. 11611 1611161 wil ein erber 1611 yn 61161 wig· 10 ,

1) Von Barwnrt Yefelmaker1527im 861166,11196“6(161 1116161611, 1540 im Η6166, 1141111161 1111611111 66161611.
De 0116111161161 16 116 16161111616 116 Β111661111111 ete. (in Sace, Η1166 und 1111616111 in 161116161611
hefft 16 1616111161 6116 611616 61111, 66 11611 66 6611 6116 611616 611611116) 1161116111611161. 2) 1511:

1111116 61161 161161161111111616.

 

