ιιι ·
ok sehel· 16 16 1116 666166661661616 66666· 161 6616116116 1161616611 vp vnde 6111666161
66116 6166 16166 166116 (16 661166 161 6616116 661 161 16 re'd 6666161116 6 01 6611161 66 dem
dest ted 616161 hebben, else: 6116 (16 6161616 661166 helpen 61116666· 16161, 661 de opperman
6116161611611666166.116611611,(16116661 161666 6166666161 61166661 16··11611611166 '
666616116116 de 66 6616111111661161, 16 66116116 1111611166166 666161 deme 6611666116.666 01
16 61 1666166161116611166 66161 16 6116 661 66111161 66161661111611661161166161 616616
·’ 1166111666616 66116116 vp 1666166161 611· 661166116, 61166611116116116661616166616

6161, 6116 6161666161 dem 66616666 661 (166666 66661661 161 16 6616611616 6666161. 01 61 .

16 1661616116. · , 66161161 6616666116 1166161166 heghen den
ok 661611616 1161161 6116 6616161 161 166 66116661166111616166116.’

16 666111616 66161166 6666, 61116 6616116 161161 111611 116661 666 666116666 66161161 66661166 .
116616116616166161116611 161 16 ’661 61 11666611666. 116 6611161 (1616611161 161 16 nn·
16166661 611611161116116166611616116 6616116 16666 666 61116616 1611161161 6166 6666166666·
61116161661111. 0166116116 1661616161611 66116616666166111161, 611616 66111161 dem
661666666166166661. ¹ ' · 6616 666666 Ι116666 661 661 166611 byennderen:

. nat gy 661166 hebben 1611666 viff 166166611-
'¹⁰' van den 11θῦ111θῖθῦ in def 0116Ῑέ11111 66161 (161161161 11611611 wakende, 61611611

ι1161111166 1611 16 661 16166 011616161 666 6661· 6116661616, 1161661 61616161 1ο (1666161111, ·
1666 6616 16161 1666. De sehullen 66161 616 6166 66166661616661 166116 1616161 6116 161
,66611666 1616 6166161161 61166 666, 616 de 611 61661616 616161166166611666116 66116116661
161 1616, 661 166161 61 161 1161 16 6661161- 1666116,6116 66661, 16116666166 66116666 (16
116616116166616(16161166116.1616166111. des 6166 16611 66 16116,161 6611111611 6616
161 166 6111166661 666 116116611 6116 166 66 1161· 6166 melden, vnde 161 gy (161161 66 16666 6111
16611666161666,611666166161161111(16616 6616616166 661661 116161 6116 666161166616
vppe den 16666 6166 161616 66616 66 ,116 ant· 61(166661616166161116166166166616.
worden, 6116661161, 6116661116161 straten -

1 6661661666116616116166 661( 1666 ¹ch Van dem weehmes't ter in dem wachhusse
16166666666661666166161616116 6116611 61116 11661161· 11611 de' 66111 166 0116161611 66166
6616661616661611111666166, 666661611666,11661, 666116616611 dem 66611666 11 161011616111,
61166661616116 6611111616, 611666166661616116, 16 (161 111161 666 661 666116 661 16 661 161 Ι
11166161661161611116611666666666611,116 6661116 611161· hefft. 116 66161 dem 66116666 66-
11661616616116616611,1616616116666116- 6116661616116666166161111161166661.11116
6161 de 61616166, 6116 161 6161666161 helpen, 61116 166 661 66611161 dem 611661 66616 166616·
6116 16 16166 661166 1161666161 666161 6666611. 61616,1616616116 16 1611611616616,611161116
01 66 66161166 66 16 1616116616 16 616616 616·- 16116661611666616.01661611616 666661 ey· ‚⁵
161 vp vnde 16 11666116661 (16661616161 161661.
1166611601 66161166 66 dem rede 661 66666611

611616 161, 661 de 161 (1611661616 611661666 ¹⁰VV van dene ὅθ 11) (10¹¹ 1111111181θῙΙΙ (Ῐῡῐθΰ ’

6611611 6666161 16161 1111666116666666166111·1 ’ Slapen·
616 66661 66116, 16 6616116 661 1611 6111166666 01 1611 16 66111 166011666161166166616166
odoff nemen: 666616 116 16 166 66166 66616, 16616611666666166611611166666161166166161,

66 6616611616 1661661616 66666 61616 hebben, Vnde 16161616 else 6666666116 1116161661666,
6116666616116116 66166 6116661 161161 11 66· eynvp 1611166161 (1666,6116666661611Ρ61666·
16161616. 01 66161161 66 1661 repen 6161661161 1666. Vnde de 666661 16116616 66161661, de eyd

(161 661611 66116 66 1611 11616616660166111 6666166161 6116161161161661661161.“

 

