438

[v Von 11010130111 110111130 101· 1101101 111 jungfrawen die 11 dem 0101107101 weissen
11130 301011 0011 0101 10111 110101.

11 1111 110110 110 11 1011010110 101 weissen ringe 001111100111011011111 1101101, 1100110 0011311101
3010101 101 0101 10111 110101 1113 110301 11 01101 halben elleh 0011111110 111 11011100001 ge·
11011 110100 0110110 0110 311101101101 101 1101- 110011 0011, 10001101 100001 111110301, bey 111
1113 3011311101 00111101 111 011 3010130 110 10 1101013111011.

10101 3011311101 11011101, 111 10110101 1101110 11101 110 1113110101, 0110 1011110 010 0110110111
mehr weder 101 30110 noch peden, hey brdke vorlobet sein, 001101 10110001111010110110111-
1110101 merck. gen, bey peene zweier 311101.

1311111113110110 0101 001 0010130 110 100 010 Die frawen mdgen 110301 0111013101311110118
0101101 10110101101 10110 311101 101101 110301 10001311101101000111010110110111010, 0111013
bey 11110 0110110101. 110101100111011101- 1010 10001311101 01011101 0001110101 1011 011-
101 1103 010 110301 101101011010111010 111 bers 111 0111013 311101 30110301 311101101-
nicht schwerer, bey 11110 0110311101. 011 100 3000111010 101 1111111 1011 0111010 111

14 nie 110101 111 1113110101 111301 jre eber schwerer 110111, 10111110110101311101.
1111110111010110301 101 00101, 01100010, set· Vnd 001101 101 1113110101 perlenkrentze 110111
10111111 30110110, 0101 101 1011011 00110130- 1101 110101110111101110011 111 30110301 wer·
11011010111110 zweier 110101. 101, bey peen 110101311101.

15111111301 11011011 01011001001011011011010 So 111301 0101 110 1101101 111 1113110101 11 ³⁰
11 10001101 11011 11011 3011110101 1011 0110110 jren 110101001111101, 011011 1111 01101 arm, 1111
0110111100110001111100,111001101010110110 3011311101 111 11011 11011 darbey 110301, bey
1111110οο101 0101 10000101011011010110301, bey 11110 0110 311101.

11110 0110 311101. Vnd 001101 auch 101101· 10110 11010130 010111

16110011 111301 110 110101 00111110, item 1011- 110111130 1103011 110 101 110101 111 jungfrewen
11000101 vnde 011010 001101 10110110 10101, 101 101 300011001101010 11010101101111101-
111 jre demmesehen oder 001101 10110110 mit 1011010011, hey der 11110 110 1111013000111101.

V Von zierunge 111 1101111130 101111301111 0101101101 110 0110 11111101 1101110101101 1011111-
3010 0011, 111 01011 jrer 1110101101 11011010 1100101111110111111011311101 11011001011 0101
11101 0100101101.

111110 111301 11000 0101101101 11111131111101101 11110 gemacht, 0101 10110100001010110110, bey
1103011 01 jrem 11100 0110 0111011101101 101 11110 0110 311101.
111111 1011 0111010 111 011 3010130 100 0011 11 1011011010 110 010 110301, 1113010011 10111
3011311101 werdt. 11011 010100110111000 10110 00101 111 11110111110110111110111010110111
111 100 3010130 11011 110301 111 werdt sein, 001101 3010110,111101101110111101101001111110
hey 11110 110101 311101. 111 1101110000110001101, 1011111001103111101.
31 Ire 0101 111 1110111010 111301 101 00101, 01· Die 110101 111301010 1113 1010 1000131110136
100010, 00110111 111 30110110 111 11011 100001 101 1101110101 1011 0111010 111 011 1013 3010301
0011, 111 001101 mit 1011011 0011111110 1000111 311101 311101 10101 1111111 1011 011101011101-
1101101,10111110110101311101. 311101111 0011110101 nicht, 110301, hey brdke
' 11 §ie 111301 0101 101 110301 1011000101, at· 0110 311101.
100010 1110110110 00110110110110 mit einem¹ 110 0011010001 denjungfrewen die perlenkrentze 11
“ sammitsquerder des 101 0110111011110110110011- 101101101 0011, 10111110 0110 3111101.

1) lin 0113. 01101.

 

