28

wo men 16616166116166 666116116666. de 16116, 16116 161011666161,1161616161116

1Wenne de herren de in 11661616 6161 1111166 1661Η6166, 0116111111, 1616866111616611116·
ein 1611161161 1611611, 166 16661 1666 6111616· 61116166.11611616161161611616616161111111
1111666. . , 61,16111161616666161661666166. ’

’ elles 16166 1616161611666161166166 16 sik 6166 lle 1616666166 1116161161611 166 seriuere3 168

oste 1116661666,16 66111116166166 16161166- 6661 611166 uppe dem 611161116116 161 16 161

6166 16 161616, 1616 1161161166 sik 16161616 611,1616116116166 1611,616116116 66. Wenne

ander, we 6611616, 6116 1661161166 661 61 166 16 1161 1611611616161, 66 Ι1611 (16 66111616 mit

6161161611666 166116161666161116616666 du· der ’161166 161 16 11616666 161 611 6111166616

· 16, 6161 16161661616 1616 16116166 16166, 16661616 61116611616 116116116161161611 66
6161161616161116166,161 6166 11111166 leggen 111 116116 111166 (161 he 116661616616116. Der
616616. 661116116 herren 166 66111616 1611161166, vnde

311116 (161 1161 1166111, 16116666 161166 ,116 oste 6661166 16111116166, 16116161161116116 brin-
16161616111616616616611161616161666666 1611 661116, 1616 1161 16 16161 1611666 laten
eder 11666116 1616 Hagen, 116 161· 1116661111, 661111. wat 1666166161661111616 16, 1611111116
vnde 116 166 anderen 1116161166, 161616161- 1616616111611.
66116616161166,1611116161111666. ι’ 111661611161111616111, 66 1661161 61116661116169

4116666 dre herren 6116 1616 16 616166 166166 16 11611 161161 1161111
111116166611111161616161616161116116666,16·Ι Vnder den dingen 6661 16 1611611666 ein (116111
16 1616166 1666161166 116 16616 1611161 66 16 hegen, vnde 661166 61161611166 uppe den 116-

, 6616666 1661611. So 11161 6166 aller 6161 16661166 666 16116161661·16,1616116166 6111116161 161

’ 161616161661616161161,6116161166,6116 6161611161,(16166661161611611666 616116.

11616161616 61611616111161116166, 16 brug· 116111 6611166 wesen herren 116 16661616, 16

166, 1616 66616 16661611 1616116666 der stad: 61611616116116 666166, 1616 6661166 wesen 16

, 6116166161116616161616661116161111111161 111161616161616166116166, 6116611166.
honines 6661661166 were neme 16111616 seriuene3 Beneden 6661 wesen 161 1116166116, vnde 1611
1616616616616661611, 1616616 6661666 1116166 1616611616, 16 166 11166 16 616 6166666. Alle
1161 on 111111 611616 1161 on'noeh 1111111 werde. word 1611 1111611666,.6111 61611666 66611666 hdl·
Maeh 166616 111 hebben, 66 11611611 66 166 1666166161161661611616. De 11611616 116161
66111616 166161161166166 6161 66; 16 16661611, 611 611616 161116 elle 66116 11666 16 111.

66 166166 6611661166 16611116 1661616116166. Se sprikt de seriuere: 16116161 11611616, 666111

61161 66 616611 1661 16, 66 666161 men de 111· 1666 1616616 1161666 1616 166616 111 ,161616-
11661616116616 161611616116, vnde 11616161166 161161Η6 6611161161 1161161111.

11166, 1616116166 16116 166 16616 hus: de 161 lle 61111616 61111111 6161 16161616161611616113
oste de herren 111166 616 16161161161166, 66 10116661611161611161Ν,161116161611161116116,
6611166 161666 nppe den 1661161 116666 men de 6611611611666166 1111161161.·1161 16 11611111
6166166 1616, 1616 nemen 1661616. 1661 1616666666, 6661 6666116 1111, 16 16111

7Wanne 6166 16 ¹groten elocken lud, 6ο 66116661 6166 ok. ’
sik de herren. 86 1611661611 1116166161616. Wnnne de 116166 1666 1116111, 66 1161611614

ῃ · 86161 16 161166 1616 1611611 16 16616 116 11611616, 6116 16 161Ι 11 1116611616 11,,16 111(

61616 Ρ616166161611161661616116166. 86 111611116111616616111811111116666,1661661
11111116 161 uppe deme 1611166166 116116 ’61616 16 sik 6611616166 6111616661661616166 111166.
Ρ616166 1616 661661, 16161111611 161111 11616 De vorespreke 1111616166 161 66116,16161 ene
11161616616161611611116166166166166. 86 11161161111116 61111111 616611611116611616616 “

16116116 16161616 dem volke: gy herren, 16116 11111116 1611 1616161611 11611 6161116166666, vn·

 

